
coefficients2: [-5.0012036851817618e-07, 0.00029040205149070687, 3.9354329910374452e-06, -0.00041864392482672042, 0.072727867539752064]
coefficients1: [2.275347892189165e-06, -0.0005375716609086462, -5.5544117589789035e-06, 0.00047629749659604731, 1.0560143685176087]
coefficients0: [-9.1731448154913739e-07, 0.0001999896512459517, 1.4120050211252555e-06, -4.8324998603609675e-05, -0.028206626311306549]
use_abs: True
                