image_width: 640
image_height: 480
camera_name: rgb_PS1080_PrimeSense
camera_matrix:
  rows: 3
  cols: 3
  data: [550.196605, 0.000000, 310.841624, 0.000000, 551.306633, 243.986948, 0.000000, 0.000000, 1.000000]
distortion_model: plumb_bob
distortion_coefficients:
  rows: 1
  cols: 5
  data: [0.064282, -0.093538, 0.008391, -0.003393, 0.000000]
rectification_matrix:
  rows: 3
  cols: 3
  data: [1.000000, 0.000000, 0.000000, 0.000000, 1.000000, 0.000000, 0.000000, 0.000000, 1.000000]
projection_matrix:
  rows: 3
  cols: 4
  data: [558.765808, 0.000000, 308.579998, 0.000000, 0.000000, 559.197571, 247.519667, 0.000000, 0.000000, 0.000000, 1.000000, 0.000000]
